19. mája 2015
042;19. 5. 2015;1;2
043;19. 5. 2015;1;5
070;19. 5. 2015;2;3
064;19. 5. 2015;1;3
093;19. 5. 2015;2;5
019;19. 5. 2015;1;4
094;19. 5. 2015;1;4
173;19. 5. 2015;1;2
027;19. 5. 2015;1;3
215;19. 5. 2015;2;3
015;19. 5. 2015;2;2
033;19. 5. 2015;2;1
034;19. 5. 2015;2;5
218;19. 5. 2015;1;3
254;19. 5. 2015;1;2
301;19. 5. 2015;1;2
013;19. 5. 2015;2;3
026;19. 5. 2015;1;4
075;19. 5. 2015;2;5
352;19. 5. 2015;1;1
291;19. 5. 2015;1;2
160;19. 5. 2015;1;5
996;19. 5. 2015;1;3
371;19. 5. 2015;1;4
182;19. 5. 2015;1;2
469;19. 5. 2015;1;3
485;19. 5. 2015;1;4
144;19. 5. 2015;2;4
390;19. 5. 2015;2;3
496;19. 5. 2015;1;2
497;19. 5. 2015;1;3
512;19. 5. 2015;2;1
522;19. 5. 2015;1;3
203;19. 5. 2015;1;3
531;19. 5. 2015;1;5
533;19. 5. 2015;2;2
545;19. 5. 2015;2;3
549;19. 5. 2015;1;3
537;19. 5. 2015;1;2
552;19. 5. 2015;1;3
553;19. 5. 2015;1;5
381;19. 5. 2015;1;1
559;19. 5. 2015;1;1
560;19. 5. 2015;1;2
561;19. 5. 2015;2;1
518;19. 5. 2015;2;5
577;19. 5. 2015;1;4
579;19. 5. 2015;2;5
582;19. 5. 2015;2;5
078;19. 5. 2015;1;2
